1	52	55	2	1	1	55	59	28	59	57	1	1	56	4	1	1	1	51	2	1	1	1	4	52	16	28
1	17	45	52	56	1	4	2	4	2	57	53	55	28	56	56	56	7	56	7	54	52	38	1	47	1	58
47	2	54	7	56	42	47	30	54	5	16	4	7	1	1	1	13	1	1	48	7	1	56	1	7	1	30
56	4	40	8	1	1	2	2	54	57	59	3	42	52	56	17	30	54	16	47	28	1	60	55	51	47	1
47	1	51	30	56	56	55	57	2	16	53	1	1	1	16	47	1	45	1	1	54	1	1	1	2	28	1
54	1	1	1	1	1	1	45	30	1	50	43	54	30	1	56	47	56	54	1	28	47	28	47	55	52	16
46	56	30	47	53	56	1	4	55	52	1	2	4	51	57	7	1	48	58	47	16	47	43	1	54	45	1
1	2	1	16	7	43	56	1	23	56	43	47	16	17	52	28	52	28	1	45	1	1	30	52	1	60	4
47	31	30	54	2	4	56	55	1	1	1	45	54	23	1	4	2	55	47	30	56	47	53	30	1	59	55
2	16	4	53	54	8	1	45	60	56	1	28	1	38	45	55	1	16	1	1	1	16	23	56	1	16	1
43	50	29	1	51	59	1	59	53	30	1	45	7	1	1	28	4	13	54	51	45	54	1	54	13	28	59
52	52	53	1	4	30	4	52	23	33	1	45	43	28	1	46	23	1	7	1	1	52	1	1	47	1	52
1	4	47	42	47	30	1	53	1	28	47	54	1	47	4	45	13	43	55	46	1	52	30	1	56	1	7
47	2	1	1	2	59	2	28	47	4	8	59	1	59	1	23	1	2	1	57	54	1	54	1	45	43	59
37	30	51	51	1	55	47	1	50	60	4	52	1	60	45	60	26	43	1	56	48	1	58	52	16	1	2
52	1	1	45	1	60	43	1	7	55	1	44	2	1	7	1	47	45	45	5	56	28	23	55	60	53	35
52	28	1	28	1	1	54	52	1	43	54	56	30	55	56	2	2	1	21	1	23	13	1	4	46	35	4
1	28	1	45	1	2	54	53	56	2	54	23	1	7	46	48	54	7	45	52	23	45	56	2	4	45	23
1	59	2	42	28	1	4	1	56	4	53	59	59	4	1	1	54	1	1	53	1	1	45	46	1	55	56
7	56	7	1	43	42	30	54	47	1	4	1	59	47	54	7	28	56	4	30	45	47	1	28	7	54	38
1	30	47	47	2	1	1	1	28	60	13	1	4	1	30	1	54	57	2	1	1	56	47	47	8	1	43
1	1	53	56	48	59	30	47	1	1	46	35	30	5	54	1	2	53	48	50	1	1	1	48	53	1	28
54	56	45	54	1	47	2	56	50	7	1	2	54	1	28	2	4	1	4	45	45	1	1	1	60	47	45
4	4	4	30	1	56	54	52	57	47	59	57	47	47	31	57	45	30	1	1	28	47	55	1	1	1	5
13	45	47	51	54	4	1	52	4	2	1	1	1	7	47	1	1	59	45	47	43	1	60	55	38	56	45
1	1	1	1	47	43	1	30	53	56	56	45	53	1	43	45	1	1	1	1	56	4	1	1	2	16	4
40	54	59	1	60	55	2	1	7	1	4	4	47	47	1	60	48	54	53	8	30	28	28	60	59	43	54
