1	54	30	59	1	55	56	1	60	30	1	48	47	47	47	56	1	1	1	4	56	56	48	54	1	1	1
57	2	7	52	2	1	55	1	1	1	38	1	1	1	1	45	38	56	43	1	7	43	1	38	13	30	52
47	45	2	53	47	2	52	45	56	58	52	1	47	43	4	1	1	4	56	54	1	45	16	1	2	38	52
7	28	1	1	28	16	2	7	1	1	45	29	2	59	46	54	56	1	4	52	1	50	30	45	47	1	2
16	55	45	8	59	48	54	45	1	47	47	53	4	47	1	1	1	13	7	56	16	1	1	16	1	53	30
1	1	40	4	13	1	1	45	1	1	45	54	1	45	13	45	16	47	1	54	52	59	52	45	46	2	45
55	1	59	1	50	53	1	50	59	2	4	30	4	22	1	42	1	52	1	45	1	1	1	57	56	1	56
54	4	54	7	1	7	7	1	28	45	1	40	54	47	1	56	45	45	1	54	38	57	1	1	58	8	4
56	16	12	52	47	13	13	13	1	52	8	1	48	56	1	1	4	48	1	47	1	56	52	28	51	13	16
1	22	1	1	22	22	17	48	12	28	56	56	1	7	48	56	7	46	1	53	4	4	23	1	1	47	2
13	59	56	53	45	13	1	22	7	1	59	38	38	1	1	54	7	1	7	46	42	53	28	30	1	51	55
7	1	16	1	1	55	45	16	38	7	46	47	56	59	8	57	45	45	4	1	4	47	1	56	16	16	1
47	57	57	30	1	1	38	47	54	47	16	1	52	52	1	1	16	59	52	46	45	58	1	53	45	30	45
4	1	1	35	28	47	4	2	1	38	56	1	5	45	38	30	1	1	4	7	23	1	4	2	1	52	2
56	55	4	47	16	45	47	30	47	1	13	1	1	47	16	59	59	59	54	60	43	56	56	52	23	52	45
1	46	1	56	1	45	1	16	47	17	45	53	1	47	1	1	1	1	54	47	1	1	45	2	1	1	1
4	56	1	60	48	52	45	16	1	2	1	1	22	54	54	54	45	1	45	59	54	1	56	43	43	45	52
7	28	1	1	8	4	54	28	47	45	45	59	16	7	1	2	4	1	1	1	48	1	54	2	1	1	59
47	52	55	28	40	1	47	1	7	4	16	40	53	50	56	45	28	54	43	1	45	1	53	43	28	1	54
45	1	7	40	45	1	52	54	38	45	4	4	52	1	2	47	1	1	45	1	56	29	2	1	59	4	1
44	13	8	4	56	1	60	47	1	56	42	16	54	45	1	43	1	2	43	4	52	53	59	1	13	53	1
22	28	1	7	59	1	1	55	38	1	7-45	43	1	1	2	55	48	1	54	1	29	1	54	22	4	48	59
1	50	54	1	52	13	4	7	52	60	2	28	45	52	16	47	30	4	59	52	54	1	53	56	5	1	45
1	1	52	1	22	56	48	1	1	52	47	4	45	47	2	2	54	1	1	52	53	16	1	54	56	1	60
48	45	52	45	1	52	53	56	1	2	54	1	1	43	1	1	43	59	1	56	42	59	57	1	28	1	45
16	1	1	52	4	43	1	56	52	8	48	13	5	45	45	47	1	45	4	1	7	1	53	47	47	47	1
55	28	1	47	1	45	1	1	47	2	1	43	1	47	1	43	1	45	56	43	60	1	1	7	4	45	47
