1	7	45	51	54	4	53	1	1	56	48	37	52	59	22	51	1	57	28	13	1	1	28	1	54	45	16
54	1	1	1	1	1	35	50	4	2	35	1	50	33	1	60	4	1	1	45	54	52	55	4	1	42	53
47	28	58	35	56	4	1	54	53	35	56	52	1	30	4	30	13	30	1	1	24	1	54	54	7	53	1
47	28	7	59	43	53	1	1	4	1	16	7	2	45	2	1	1	28	58	1	56	4	2	54	4	1	43
1	28	1	2	44	13	55	56	52	30	42	51	2	53	30	52	1	28	45	8	54	47	1	52	1	1	1
55	53	35	4	22	1	1	1	1	1	45	53	4	47	1	38	1	1	51	2	7	28	58	43	53	28	16
1	4	43	45	56	54	45	13	4	4	4	46	1	53	2	28	59	1	53	56	7	28	2	47	55	45	2
43	2	1	7	1	1	22	45	56	4	4	52	4	52	55	1	53	1	1	45	1	52	43	2	52	47	57
45	30	51	58	55	45	4	7	55	47	16	56	54	2	54	1	55	57	52	55	4	1	1	23	43	4	2
47	1	28	5	1	38	28	55	45	56	17	1	47	2	30	1	1	23	1	54	56	45	3	1	43	35	1
53	2	30	54	2	22	1	1	1	45	28	43	53	1	56	53	7	53	4	1	2	54	56	1	2	54	1
28	1	1	53	60	47	48	1	4	1	1	1	40	8	7	43	35	59	54	53	1	1	53	53	2	51	42
52	30	1	1	1	1	56	43	47	56	55	16	51	28	1	2	1	1	4	30	1	16	1	28	1	7	47
2	55	56	45	45	59	1	2	1	1	45	1	55	60	54	45	1	46	1	28	55	55	2	53	48	1	1
1	1	1	4	1	59	52	54	56	1	53	2	2	52	1	45	4	13	2	8	1	42	4	7	42	54	59
57	4	45	57	1	56	1	8	57	16	47	53	2	28	4	59	22	45	51	56	7	43	56	1	2	1	56
45	47	1	16	1	7	51	1	54	1	4	59	1	13	1	45	1	1	47	30	2	1	30	28	54	1	17
22	53	30	53	1	1	53	16	43	46	1	38	17	53	1	47	30	1	7	53	43	1	2	2	28	45	47
7	4	43	30	53	1	30	1	4	30	2	48	1	53	43	47	56	54	29	7	13	42	59	1	1	22	60
60	4	47	55	53	7	56	59	47	52	52	35	1	53	1	1	2	1	48	22	7	52	38	54	60	1	1
47	1	1	1	54	1	1	1	54	4	1	47	52	51	42	60	2	1	45	30	1	2	48	1	53	28	52
1	56	1	8	56	59	54	1	54	53	1	59	1	1	1	53	43	1	1	59	52	1	28	29	1	2	7
8	59	52	1	1	4	28	1	1	60	16	46	54	30	29	1	52	54	7	54	45	13	7	38	54	53	45
1	53	54	54	60	7	45	55	52	30	4	1	2	4	48	45	1	54	1	1	2	59	2	50	4	16	51
4	1	7	1	47	52	1	54	54	59	52	51	56	1	1	45	1	28	46	47	1	52	1	59	59	1	54
60	43	50	1	23	56	50	1	52	2	16	52	45	47	1	28	1	47	4	56	54	45	4	22	54	2	46
1	52	60	16	8	1	47	1	54	54	1	1	2	32	4	28	1	45	4	1	2	54	60	2	53	4	7
