30	45	8	1	1	47	4	4	40	43	46	1	7	52	16	4	47	52	58	30	28	43	7	18	55	1	53
53	51	59	53	1	38	42	47	1	1	43	54	43	28	56	16	1	4	1	1	1	52	28	1	30	1	2
1	2	42	43	1	2	22	35	53	60	1	1	1	1	45	53	54	45	46	60	1	7	28	4	55	1	16
53	1	1	28	53	28	4	1	2	52	54	45	59	52	4	1	47	4	13	45	45	2	55	1	53	30	45
56	30	1	1	4	47	35	45	4	56	47	7	23	55	48	4	59	1	54	47	53	2	56	1	1	1	1
2	45	55	59	1	4	1	60	2	16	54	30	1	1	45	52	30	4	16	1	57	8	55	56	55	55	2
1	1	4	53	56	55	52	60	28	1	4	53	53	1	1	7	59	43	55	1	51	4	1	8	1	55	56
56	30	4	1	4	45	1	1	56	1	4	1	30	53	28	4	47	1	55	1	56	46	51	56	2	2	46
2	54	43	59	13	52	43	54	53	56	35	54	1	4	54	16	56	1	53	2	1	1	55	53	1	47	8
4	4	4	17	7	1	5	1	4	2	2	56	45	1	47	8	50	42	53	35	42	1	1	56	1	51	56
47	47	48	47	54	54	55	55	53	52	59	1	46	1	51	2	7	1	1	2	56	1	17	50	1	1	30
4	16	1	56	1	1	1	1	1	1	55	52	54	1	53	48	55	55	52	8	38	45	1	53	52	1	1
28	56	7	41	56	43	47	53	45	16	4	1	53	1	1	1	1	1	51	1	1	54	56	54	53	56	28
1	42	8	7	7	52	52	1	1	47	50	56	55	45	56	35	54	1	52	33	28	2	1	46	1	38	1
1	52	51	42	1	1	57	55	4	52	2	1	1	8	2	48	55	22	1	56	28	46	47	47	2	47	43
1	4	1	40	56	2	1	56	1	28	56	53	51	53	1	1	30	30	57	1	1	56	1	53	35	47	56
43	59	1	45	53	53	1	30	1	8	16	1	1	56	56	1	2	4	2	52	5	57	1	1	2	1	41
52	54	1	1	47	55	4	28	51	13	56	55	7	1	45	56	56	7	43	54	54	55	28	46	45	7	28
16	59	55	1	1	45	47	1	1	7	1	55	56	2	5	2	47	30	57	1	1	43	4	1	1	1	1
1	1	53	7	1	1	53	28	59	56	1	1	53	16	45	1	54	16	45	56	1	59	48	54	51	45	43
56	16	55	56	45	56	2	4	8	59	46	16	30	4	43	1	1	1	8	45	1	1	48	1	1	1	54
38	1	1	4	2	53	54	51	2	1	52	4	38	1	28	13	54	51	47	46	56	4	45	41	48	1	8
59	50	55	28	1	17	1	53	46	1	47	1	60	1	17	1	1	4	7	1	59	1	8	4	56	51	1
1	47	1	55	56	45	1	4	30	1	28	1	35	1	55	45	45	54	47	4	48	52	56	1	1	50	7
1	28	1	1	1	55	59	47	42	13	45	1	56	1	47	35	4	7	30	1	1	1	45	53	7	53	56
1	56	55	31	1	16	1	1	23	1	51	43	56	7	4	56	45	2	56	55	60	55	56	47	4	7	53
51	16	1	56	55	45	1	47	35	1	1	1	47	20	1	47	53	1	1	1	16	2	1	47	13	4	13
