8	47	54	23	1	7	28	47	59	56	54	47	1	44	1	54	16	45	16	4	1	1	1	4	45	16	1
1	4	55	52	30	47	1	1	8	1	1	30	46	30	1	55	4	45	45	45	53	43	59	7	55	43	51
43	54	45	1	2	45	54	60	59	42	47	1	1	30	43	59	4	3	4	16	4	4	50	16	47	54	57
1	1	30	59	1	1	7	1	1	1	58	22	1	7	1	56	52	55	30	42	40	1	47	2	1	7	16
48	47	1	57	59	54	30	30	51	27	45	13	59	43	1	4	16	1	7	8	60	1	46	45	42	59	50
1	54	17	1	8	47	1	1	53	42	7	4	7	54	45	30	48	30	28	4	52	45	1	7	4	7	1
1	45	30	52	1	47	53	4	1	30	42	59	1	1	1	52	1	13	45	45	4	59	30	40	55	45	45
1	47	1	45	17	56	42	58	7	16	4	58	52	56	1	47	22	47	2	59	7	1	7	1	48	1	1
1	53	55	59	2	1	28	47	28	40	28	54	1	59	2	45	22	46	1	55	56	28	1	1	52	59	48
16	16	7	28	52	7	1	4	47	2	1	30	1	52	1	28	45	46	1	1	1	60	47	45	1	7	52
30	54	1	1	47	43	59	1	28	46	2	30	1	30	7	7	45	40	45	13	7	1	1	30	13	43	42
7	55	59	1	2	4	47	1	1	54	2	48	23	47	57	4	2	2	30	54	45	48	47	1	2	7	1
1	1	47	55	46	4	58	42	52	47	7	53	1	4	59	52	48	1	1	1	4	1	30	52	54	56	30
54	7	1	2	45	28	1	4	52	45	1	56	59	1	1	1	55	7	48	45	51	7	54	1	1	1	30
35	45	59	23	1	43	45	1	1	56	8	4	45	47	52	1	38	1	2	30	54	1	28	59	30	47	1
47	7	1	55	1	45	53	54	1	60	40	1	1	43	45	47	47	53	1	7	48	1	1	47	1	56	54
47	45	2	52	1	56	1	30	4	16	28	57	2	1	16	1	16	30	45	1	30	54	1	52	7	2	4
1	59	1	45	59	30	23	40	28	23	7	52	55	45	52	54	47	7	46	47	1	51	1	47	30	56	1
52	54	4	52	2	51	2	1	55	54	1	1	1	1	1	1	57	1	1	13	7	52	16	2	7	56	30
1	13	1	16	52	52	56	1	1	54	52	54	54	48	51	4	54	40	1	13	1	56	47	54	1	54	4
48	13	43	4	1	1	54	45	1	1	4	1	52	1	54	16	54	52	17	54	1	52	7	52	2	60	54
1	4	59	56	4	1	2	48	28	56	48	1	45	1	47	1	4	1	1	42	1	30	54	52	1	45	1
54	1	1	2	46	53	4	1	2	1	54	4	48	1	48	58	54	48	1	56	7	1	1	45	47	30	30
54	1	35	45	1	30	45	59	30	1	38	1	60	1	28	1	1	44	1	47	28	43	1	17	2	7	1
53	35	4	55	2	4	7	47	48	7	30	1	30	2	1	30	1	43	1	7	47	45	47	54	56	33	1
60	59	1	56	30	45	1	7	60	47	45	47	59	54	47	42	4	45	38	2	23	4	1	8	1	46	4
1	56	1	7	52	51	54	1	1	1	1	1	1	46	1	42	4	47	46	52	35	56	60	45	45	46	4
