59 23 1 15 1 28 28 1 1 55 59 4 55 1 1 47 16 34 1 7 16 1 1 7 56 1 60
53 54 47 28 1 47 45 23 7 4 59 41 4 45 1 30 47 47 45 42 53 28 51 1 52 1 1
1 22 1 30 2 1 2 55 30 1 7 45 47 52 1 4 1 47 1 1 1 1 53 1 52 59 52
59 30 2 55 55 13 15 2 53 60 1 4 16 47 48 45 16 55 56 43 45 1 55 1 4 1 13
47 45 1 1 22 30 51 1 2 56 38 30 4 1 1 56 1 1 16 1 57 7 58 56 1 22 1
54 52 52 45 1 7 55 48 1 58 52 35 28 55 1 38 45 30 55 4 47 7 45 38 45 38 1
1 1 1 28 13 56 55 51 54 1 1 1 1 42 2 4 4 43 16 47 7 1 13 4 51 4 1
28 53 47 22 8 1 53 59 38 7 43 40 1 52 59 54 30 1 45 16 1 28 23 50 7 43 43
1 2 45 51 30 1 52 58 48 59 47 54 4 4 1 47 45 47 56 28 1 45 1 13 7 7 7
55 1 53 47 56 1 1 7 1 1 2 60 48 56 1 1 16 1 1 54 1 52 17 30 54 45 45
59 55 52 1 45 1 55 28 52 28 1 2 1 52 54 4 43 60 48 28 1 16 23 8 53 7 1
2 1 53 52 43 23 2 4 16 52 44 54 1 2 42 7 1 7 47 30 28 48 47 1 54 52 16
45 54 23 4 28 45 45 30 1 59 1 56 28 2 54 53 38 2 2 1 28 55 40 60 4 50 28
2 13 47 1 1 4 17 45 1 55 1 52 56 51 1 47 55 55 45 7 2 54 1 56 7 1 1
23 4 53 54 59 48 13 56 1 47 23 1 2 55 16 1 1 47 40 54 16 52 1 47 60 43 60
45 16 43 1 7 47 1 7 1 4 54 54 1 43 28 28 7 1 2 7 52 30 1 4 47 4 13
42 1 54 13 1 28 1 45 42 5 48 56 1 1 1 52 54 7 1 1 2 55 56 2 43 1 1
55 43 22 45 56 43 2 2 56 1 8 48 59 59 7 16 53 55 53 48 1 16 2 30 53 1 1
47 45 1 2 54 56 56 2 55 51 4 16 7 13 30 16 1 1 4 52 52 4 54 47 2 38 1
1 54 50 55 54 1 50 1 1 16 40 36 17 1 47 56 33 55 1 1 59 48 1 53 7 1 1
1 52 16 1 60 1 30 53 30 7 47 13 13 22 8 13 45 59 54 1 2 42 54 47 53 52 53
16 30 1 4 52 47 56 1 28 16 1 22 59 51 1 1 7 28 53 60 7 1 16 16 1 1 58
4 53 56 1 52 2 13 52 38 30 45 7 1 30 56 16 1 1 1 30 48 56 54 54 55 28 45
1 47 47 1 28 22 1 47 1 1 45 45 1 1 47 53 55 52 1 1 7 43 2 1 1 1 43
1 4 53 1 45 43 16 55 52 4 47 55 45 22 51 55 1 38 13 30 2 28 55 13 56 28 55
4 16 46 1 1 16 1 1 1 1 1 47 59 4 8 36 58 1 1 48 1 7 22 1 1 1 60
52 4 30 55 53 52 54 1 30 52 1 16 54 7 58 1 30 54 1 55 51 53 56 57 56 4 60